171 # shot/geophone points		
#x	y	
-192	-0.01	
-168	-0.01	
-167	0	
-165	0	
-163	0	
-161	0	
-159	0	
-157	0	
-156	-0.01	
-155	0	
-153	0	
-151	0	
-149	0	
-147	0	
-145	0	
-144	-0.01	
-143	0	
-141	0	
-139	0	
-137	0	
-135	0	
-133	0	
-132	-0.01	
-131	0	
-139	0	
-127	0	
-125	0	
-123	0	
-121	0	
-120	-0.01	
-119	0	
-117	0	
-115	0	
-113	0	
-111	0	
-109	0	
-108	-0.01	
-107	0	
-105	0	
-103	0	
-101	0	
-99	0	
-97	0	
-96	-0.01	
-95	0	
-93	0	
-91	0	
-89	0	
-87	0	
-85	0	
-84	-0.01	
-83	0	
-81	0	
-79	0	
-77	0	
-75	0	
-73	0	
-72	-0.01	
-71	0	
-69	0	
-67	0	
-65	0	
-63	0	
-61	0	
-60	-0.01	
-59	0	
-57	0	
-55	0	
-53	0	
-51	0	
-49	0	
-48	-0.01	
-47	0	
-45	0	
-43	0	
-41	0	
-39	0	
-37	0	
-36	-0.01	
-35	0	
-33	0	
-33	0	
-29	0	
-27	0	
-25	0	
-24	-0.01	
-23	0	
-21	0	
-19	0	
-17	0	
-15	0	
-13	0	
-12	-0.01	
-11	0	
-9	0	
-7	0	
-5	0	
-3	0	
-1	0	
0	-0.01	
1	0	
3	0	
5	0	
7	0	
9	0	
11	0	
12	-0.01	
13	0	
15	0	
17	0	
19	0	
21	0	
23	0	
24	-0.01	
25	0	
27	0	
29	0	
31	0	
33	0	
35	0	
36	-0.01	
37	0	
39	0	
41	0	
43	0	
45	0	
47	0	
48	-0.01	
49	0	
51	0	
53	0	
55	0	
57	0	
59	0	
60	-0.01	
61	0	
63	0	
65	0	
67	0	
69	0	
71	0	
72	-0.01	
73	0	
75	0	
77	0	
79	0	
81	0	
83	0	
84	-0.01	
85	0	
87	0	
89	0	
91	0	
93	0	
95	0	
96	-0.01	
97	0	
99	0	
101	0	
103	0	
105	0	
107	0	
108	-0.01	
109	0	
111	0	
113	0	
115	0	
117	0	
119	0	
120	-0.01	
144	-0.01	
639 # measurements		
#s	g	t
1	3	22.2
1	4	23
1	5	24.3
1	6	25.5
1	7	25.4
1	8	27.4
1	10	27.4
1	11	28.1
1	12	28.8
1	13	29.6
1	14	30.9
1	15	31
1	17	31.7
1	18	33.2
1	19	32.8
1	20	33.9
1	21	33.6
1	22	33.5
1	24	34.5
1	25	34.8
1	26	35.3
1	27	35
1	28	36
1	29	37.2
2	3	5.9
2	4	9.1
2	5	10.5
2	6	12.6
2	7	14.8
2	8	16.1
2	10	17.2
2	11	18.4
2	12	19.6
2	13	20.4
2	14	21.3
2	15	22.4
2	17	23.4
2	18	24.5
2	19	23.9
2	20	26
2	21	26.1
2	22	25.5
2	24	27.6
2	25	25.9
2	26	28.2
2	27	29.4
2	28	28.7
2	29	30.2
9	3	15.9
9	4	14.5
9	5	12.2
9	6	11
9	7	9.6
9	8	6.5
9	10	6
9	11	9.9
9	12	11.8
9	13	14
9	14	16.4
9	15	17.3
9	17	18.4
9	18	19.3
9	19	20.1
9	20	21.3
9	21	22.7
9	22	23
9	24	23.9
9	25	24.9
9	26	24.9
9	27	25.8
9	28	26.2
9	29	27.3
16	3	21.6
16	4	21.3
16	5	19.9
16	6	19.6
16	7	18.5
16	8	17.8
16	10	17.1
16	11	16.1
16	12	13.9
16	13	12
16	14	10.8
16	15	5.8
16	17	5.4
16	18	11.2
16	19	12.7
16	20	15.2
16	21	16.7
16	22	18.8
16	24	19.4
16	25	19.5
16	26	21.9
16	27	21.1
16	28	22.7
16	29	23.3
23	3	26.5
23	4	25.9
23	5	25.4
23	6	24.7
23	7	24.2
23	8	24.2
23	10	23.3
23	11	22.7
23	12	22
23	13	21.4
23	14	20.6
23	15	19.1
23	17	18.2
23	18	17.1
23	19	15.4
23	20	13.5
23	21	11.2
23	22	5.6
23	24	5.6
23	25	10.5
23	26	13
23	27	15.2
23	28	16.7
23	29	18.4
30	3	30.1
30	4	29.8
30	5	29.2
30	6	29.5
30	7	28.8
30	8	27.9
30	10	27.5
30	11	27.1
30	12	26.5
30	13	25.8
30	14	25.1
30	15	23.9
30	17	23.4
30	18	23.1
30	19	22.4
30	20	21.9
30	21	21.6
30	22	20.4
30	24	19.2
30	25	17.4
30	26	15.3
30	27	12.3
30	28	6.8
30	29	3.1
37	31	16.279
37	32	12.142
37	33	10.622
37	34	8.555
37	35	7.393
37	36	3.104
37	38	3.104
37	39	7.253
37	40	9.52
37	41	11.838
37	42	13.406
37	43	14.493
37	45	15.765
37	46	17.039
37	47	17.869
37	48	19.838
37	49	21.854
37	50	23.94
37	52	25.36
37	53	27.335
37	54	27.562
37	55	27.848
37	56	28.13
37	57	28.168
44	31	23.175
44	32	19.987
44	33	19.683
44	34	17.859
44	35	17.414
44	36	16.207
44	38	14.051
44	39	13.266
44	40	11.599
44	41	9.982
44	42	7.617
44	43	3.104
44	45	3.104
44	46	6.95
44	47	8.968
44	48	11.689
44	49	12.706
44	50	15.811
44	52	18.71
44	53	19.315
44	54	20.978
44	55	21.263
44	56	21.545
44	57	21.583
51	31	31.811
51	32	28.623
51	33	28.32
51	34	26.495
51	35	26.05
51	36	26.044
51	38	23.256
51	39	22.548
51	40	20.919
51	41	20.43
51	42	19.019
51	43	18.42
51	45	15.93
51	46	14.871
51	47	12.954
51	48	11.741
51	49	8.824
51	50	3.104
51	52	3.104
51	53	9.312
51	54	12.347
51	55	14.815
51	56	15.834
51	57	14.864
58	59	4.1
58	60	6.4
58	61	8
58	62	10
58	63	12
58	64	13.5
58	66	14.8
58	67	16.2
58	68	18.2
58	69	19.7
58	70	20.2
58	71	21.5
58	73	22.8
58	74	24.4
58	75	26
58	76	26.7
58	77	27.1
58	78	28.3
58	80	28.5
58	81	28.7
58	82	28.4
58	83	29.5
58	84	30.5
58	85	31.9
65	59	13.5
65	60	12.6
65	61	10.9
65	62	8.6
65	63	6.6
65	64	3.6
65	66	4
65	67	7.4
65	68	10
65	69	11.9
65	70	13.4
65	71	15.2
65	73	17.5
65	74	19.1
65	75	20.5
65	76	22.3
65	77	23.1
65	78	23.7
65	80	24.4
65	81	24.8
65	82	25.7
65	83	25.8
65	84	27.6
65	85	27.7
72	59	21.4
72	60	20.9
72	61	19.5
72	62	18.4
72	63	18.1
72	64	16.7
72	66	15.6
72	67	13.2
72	68	11.5
72	69	9.5
72	70	7.2
72	71	3.1
72	73	3.3
72	74	7.3
72	75	10.2
72	76	12.6
72	77	14.4
72	78	16
72	80	17.8
72	81	18.9
72	82	19.7
72	83	20.9
72	84	21.6
72	85	23.4
79	59	27.7
79	60	28.2
79	61	26.7
79	62	26.5
79	63	25.6
79	64	24.7
79	66	23.2
79	67	23.2
79	68	22.3
79	69	20.9
79	70	19.8
79	71	17.9
79	73	16.3
79	74	14.4
79	75	12.5
79	76	10.5
79	77	6.3
79	78	4.1
79	80	4
79	81	6.4
79	82	8.5
79	83	11.4
79	84	13.6
79	85	15.5
86	73	23.4
86	74	22.9
86	75	22.1
86	76	21.2
86	77	19.1
86	78	17.4
86	80	14.4
86	81	12.7
86	82	10.8
86	83	8.6
86	84	6.8
86	85	3.4
86	87	4.5
86	88	7.3
86	89	10.2
86	90	12
86	91	13.7
86	92	15
86	94	15.8
86	95	17.6
86	96	18.8
86	97	19.9
86	98	20.1
86	99	21.3
93	73	26.9
93	74	26.4
93	75	26.5
93	76	25.6
93	77	24.3
93	78	23.4
93	80	21.5
93	81	20.2
93	82	19.2
93	83	18.2
93	84	17.7
93	85	16.4
93	87	15.1
93	88	13
93	89	11.5
93	90	9
93	91	6.7
93	92	3.9
93	94	4.2
93	95	8
93	96	9.9
93	97	11.5
93	98	12.5
93	99	14
100	87	23.824
100	88	21.83
100	89	21.167
100	90	20.298
100	91	18.629
100	92	17.329
100	94	16.39
100	95	14.401
100	96	12.669
100	97	11.231
100	98	8.805
100	99	3.227
100	101	3.227
100	102	7.55
100	103	9.992
100	104	11.932
100	105	13.375
100	106	14.361
100	108	16.301
100	109	18.341
100	110	18.918
100	111	17.186
100	112	19.254
100	113	20.376
107	87	16.934
107	88	14.912
107	89	13.786
107	90	11.343
107	91	9.681
107	92	3.227
107	94	3.227
107	95	9.215
107	96	11.363
107	97	13.806
107	98	15.26
107	99	15.926
107	101	17.793
107	102	17.318
107	103	19.055
107	104	19.991
107	105	20.526
107	106	21.011
107	108	22.346
107	109	23.749
107	110	23.602
107	111	21.87
107	112	23.939
107	113	25.06
114	101	20.344
114	102	18.06
114	103	17.538
114	104	16.816
114	105	15.642
114	106	14.336
114	108	11.848
114	109	11.642
114	110	10.21
114	111	8.285
114	112	7.329
114	113	2.618
114	115	2.618
114	116	7.252
114	117	9.184
114	118	10.238
114	119	11.254
114	120	13.807
114	122	14.738
114	123	15.899
114	124	15.941
114	125	17.262
114	126	18.74
114	127	20.52
121	101	24.728
121	102	22.444
121	103	21.922
121	104	21.2
121	105	20.754
121	106	18.771
121	108	18.557
121	109	18.662
121	110	18.025
121	111	15.583
121	112	16.129
121	113	14.882
121	115	13.556
121	116	11.764
121	117	10.837
121	118	9.032
121	119	7.189
121	120	2.618
121	122	2.618
121	123	7.546
121	124	8.387
121	125	10.319
121	126	11.749
121	127	12.612
128	115	20.004
128	116	19.512
128	117	19.316
128	118	17.225
128	119	15.135
128	120	14.553
128	122	12.921
128	123	10.574
128	124	8.733
128	125	6.953
128	126	5.699
128	127	3.509
128	129	3.577
128	130	5.698
128	131	8.182
128	132	10.317
128	133	12.802
128	134	15.013
128	136	16.145
128	137	18.199
128	138	20.138
128	139	20.425
128	140	21.089
128	141	21.497
135	115	26.24
135	116	25.748
135	117	26.05
135	118	24.971
135	119	23.14
135	120	23.181
135	122	22.851
135	123	21.648
135	124	21.065
135	125	19.806
135	126	18.551
135	127	16.361
135	129	14.797
135	130	13.653
135	131	12.872
135	132	11.742
135	133	10.962
135	134	3.665
135	136	3.665
135	137	10.995
135	138	13.401
135	139	14.6
135	140	14.725
135	141	17.333
142	129	20.093
142	130	19.437
142	131	19.219
142	132	18.275
142	133	17.964
142	134	16.599
142	136	15.583
142	137	14.188
142	138	12.622
142	139	10.33
142	140	6.198
142	141	2.066
142	143	2.066
142	144	6.198
142	145	9.759
142	146	10.749
142	147	12.002
142	148	14.363
142	151	17.024
142	152	18.306
142	154	20.409
142	155	20.499
149	129	23.019
149	130	22.362
149	131	22.343
149	132	21.646
149	133	21.484
149	134	21.05
149	136	20.862
149	137	19.894
149	138	19.132
149	139	18.267
149	140	16.943
149	141	16.421
149	143	15.351
149	144	13.028
149	145	10.598
149	146	8.518
149	147	6.198
149	148	2.066
149	151	6.198
149	152	8.397
149	154	11.984
149	155	13.977
156	143	29.662
156	144	29.642
156	145	29.139
156	146	28.267
156	147	25.036
156	148	24.538
156	150	23.011
156	151	22.356
156	152	21.564
156	154	20.69
156	155	19.553
156	157	19.045
156	158	18.926
156	159	18.672
156	160	17.568
156	161	16.751
156	162	16.159
156	164	13.516
156	165	12.281
156	166	10.617
156	167	10.271
156	168	6.844
156	169	2.371
163	143	26.906
163	144	26.886
163	146	25.51
163	147	22.279
163	148	21.781
163	150	20.255
163	151	19.6
163	152	18.807
163	154	17.933
163	155	16.559
163	157	14.733
163	158	14.225
163	159	12.776
163	160	10.745
163	161	7.114
163	162	2.371
163	164	2.371
163	165	7.114
163	166	11.099
163	167	14.304
163	168	14.428
163	169	13.949
170	143	29.662
170	144	29.642
170	145	29.139
170	146	28.267
170	147	25.036
170	148	24.538
170	150	23.011
170	151	22.356
170	152	21.564
170	154	20.69
170	155	19.553
170	157	19.045
170	158	18.926
170	159	18.672
170	160	17.568
170	161	16.751
170	162	16.159
170	164	13.516
170	165	12.281
170	166	10.617
170	167	10.271
170	168	6.844
170	169	2.371
171	143	25.123
171	144	26.469
171	145	27.331
171	146	27.824
171	147	25.959
171	148	26.827
171	150	26.666
171	151	27.377
171	152	27.95
171	154	29.807
171	155	30.036
171	157	30.893
171	158	32.14
171	159	33.252
171	160	33.513
171	161	34.063
171	162	35.417
171	164	35.465
171	165	35.504
171	166	36.739
171	167	38.26
171	168	37.701
171	169	37.856
